desc:O____ROTALICSO_SEIRES_REIRUOF____O____FOURIER_SERIES_OSCILATOR____O

slider1:84.406022589954030768899117092091000289089388918088900852079<0,84.406022589954030768899117092091000289089388918088900852079,84.406022589954030768899117092091000289089388918088900852079>O_DOIREP_EMIT_SDNOCES_NOITAREBREVER_LACIRTEMYS_LAINEGNOC_O_CONGENIAL_SYMETRICAL_REVERBERATION_SECONDS_TIME_PERIOD_O
slider2:84406.022589954030768899117092091000289089388918088900852079<0,84406.022589954030768899117092091000289089388918088900852079,84406.022589954030768899117092091000289089388918088900852079>O_DOIREP_EMIT_SDNOCESILIM_NOITAREBREVER_LACIRTEMYS_LAINEGNOC_O_CONGENIAL_SYMETRICAL_REVERBERATION_MILISECONDS_TIME_PERIOD_O
slider3:5<0,32,1>O_SEMIT_NOISIVID_DOIREP_EMIT_O_TIME_PERIOD_DIVISION_TIMES_O
slider4:531441<0,65536,2>O_REDIVID_DOIREP_EMIT_O_TIME_PERIOD_DIVIDER_O
slider5:84.406022589954030768899117092091000289089388918088900852079<0,84.406022589954030768899117092091000289089388918088900852079,0.0012879336943047184870742663130507049604658415057081436287243499755859375>O_EMIT_DOIREP_SDNOCES_DEDIVID_O_DIVIDED_SECONDS_PERIOD_TIME_O
slider6:84406.022589954030768899117092091000289089388918088900852079<0,84406.022589954030768899117092091000289089388918088900852079,1.2879336943047184870742663130507049604658415057081436287243499755859375>O_EMIT_DOIREP_SDNOCESILIM_DEDIVID_O_DIVIDED_MILISECONDS_PERIOD_TIME_O

slider8:0.011847<0,0.011847,0.011847>O_YCNEUQERF_ZTREH_DOIREP_EMIT_SDNOCES_NOITAREBREVER_LACIRTEMYS_LAINEGNOC_O_CONGENIAL_SYMETRICAL_REVERBERATION_SECONDS_TIME_PERIOD_HERTZ_FREQUENCY_O

slider18:0<-27,27,1>O_YCNEUQERF_ZTREH_DEILPITLUM_DOIREP_EMIT_SDNOCES_NOITAREBREVER_LACIRTEMYS_LAINEGNOC_MORF_SENOT_DETFIHS_O_SHIFTED_TONES_FROM_CONGENIAL_SYMETRICAL_REVERBERATION_SECONDS_TIME_PERIOD_MULTIPLIED_HERTZ_FREQUENCY_O
slider19:1<0,1625,0.00000001>O_REILPITLUM_GNITFIHS_O_SHIFTING_MULTIPLIER_O
slider20:0.011847<0,82712638677.012146,0.00000001>O_GNITFIHS_ENOT_RETFA_YCNEUQERF_ZTREH_DEILPITLUM_DOIREP_EMIT_SDNOCES_NOITAREBREVER_LACIRTEMYS_LAINEGNOC_MORF_SENOT_DETFIHS_O_SHIFTED_TONES_FROM_CONGENIAL_SYMETRICAL_REVERBERATION_SECONDS_TIME_PERIOD_MULTIPLIED_HERTZ_FREQUENCY_AFTER_TONE_SHIFTING_O

slider22:-19.08485018<-95.42425094,0,19.08485018>O_EMULOV_O_VOLUME_O

import Tale/fft_synth.jsfx-inc
import Tale/fourier_series.jsfx-inc
import Tale/wavetable.jsfx-inc

@init

osc.four_init(0, 1024);

@slider
SLIDER1=84.406022589954030768899117092091000289089388918088900852079;
SLIDER2=SLIDER1*1000;
SLIDER4=9^SLIDER3;
SLIDER5=SLIDER1/SLIDER4;
SLIDER6=SLIDER2/SLIDER4;

O_TNUOMA_EMULOV_LEBICED_O_DECIBEL_VOLUME_AMOUNT_O = 1*(exp(log(10)/20 * SLIDER22) - 0);
SLIDER8=1/SLIDER5;

SLIDER19=9^(SLIDER18/9);
SLIDER20=SLIDER8*SLIDER19;

SLIDER13=1/SLIDER20;
SLIDER14=SLIDER13*1000;

osc.four_setf(SLIDER20);

osc.four_update() ? (
  osc.four_sin();
  osc.four_setdc(0);
  osc.four_ifft();
);


@sample

SPL0 = SPL1 = OSC.WAVE_SPLINE5() * O_TNUOMA_EMULOV_LEBICED_O_DECIBEL_VOLUME_AMOUNT_O ;
